switched to the keypad mode!
south
8 2 9 3 6 1 7 5 4 
* 0 7 9 4 5 2 1 8 
5 4 1 2 8 7 9 6 3 
1 7 3 6 2 9 8 4 5 
9 5 2 8 1 4 6 3 7 
4 6 8 7 5 3 1 2 9 
2 8 4 5 7 6 3 9 1 
7 9 5 1 3 2 4 8 6 
3 1 6 4 9 8 5 7 2 
------------------
west: invalid move
8 2 9 3 6 1 7 5 4 
* 0 7 9 4 5 2 1 8 
5 4 1 2 8 7 9 6 3 
1 7 3 6 2 9 8 4 5 
9 5 2 8 1 4 6 3 7 
4 6 8 7 5 3 1 2 9 
2 8 4 5 7 6 3 9 1 
7 9 5 1 3 2 4 8 6 
3 1 6 4 9 8 5 7 2 
------------------
east
8 2 9 3 6 1 7 5 4 
6 * 7 9 4 5 2 1 8 
5 4 1 2 8 7 9 6 3 
1 7 3 6 2 9 8 4 5 
9 5 2 8 1 4 6 3 7 
4 6 8 7 5 3 1 2 9 
2 8 4 5 7 6 3 9 1 
7 9 5 1 3 2 4 8 6 
3 1 6 4 9 8 5 7 2 
------------------
writing 3 into (1,1)
done!
8 2 9 3 6 1 7 5 4 
6 3 7 9 4 5 2 1 8 
5 4 1 2 8 7 9 6 3 
1 7 3 6 2 9 8 4 5 
9 5 2 8 1 4 6 3 7 
4 6 8 7 5 3 1 2 9 
2 8 4 5 7 6 3 9 1 
7 9 5 1 3 2 4 8 6 
3 1 6 4 9 8 5 7 2 
------------------
Well Done:)
THE GAME IS OVER!
