switched to the keypad mode!
south
south
south
east
east
0 2 9 3 0 0 0 5 0 
0 3 0 9 4 0 2 0 0 
5 0 0 0 0 0 0 6 0 
1 0 * 6 2 0 0 0 0 
9 0 2 0 0 0 6 0 7 
0 0 0 0 5 3 0 0 9 
0 8 0 0 0 0 0 0 1 
0 0 5 0 3 2 0 8 0 
0 1 0 0 0 8 5 7 0 
------------------
writing 3 into (3,2)
done!
ended keypad mode!
0 2 9 3 0 0 0 5 0 
0 3 0 9 4 0 2 0 0 
5 0 0 0 0 0 0 6 0 
1 0 3 6 2 0 0 0 0 
9 0 2 0 0 0 6 0 7 
0 0 0 0 5 3 0 0 9 
0 8 0 0 0 0 0 0 1 
0 0 5 0 3 2 0 8 0 
0 1 0 0 0 8 5 7 0 
------------------
reloading the original puzzle
0 2 9 3 0 0 0 5 0 
0 3 0 9 4 0 2 0 0 
5 0 0 0 0 0 0 6 0 
1 0 0 6 2 0 0 0 0 
9 0 2 0 0 0 6 0 7 
0 0 0 0 5 3 0 0 9 
0 8 0 0 0 0 0 0 1 
0 0 5 0 3 2 0 8 0 
0 1 0 0 0 8 5 7 0 
------------------
writing 8 into (3,2)
done!
0 2 9 3 0 0 0 5 0 
0 3 0 9 4 0 2 0 0 
5 0 0 0 0 0 0 6 0 
1 0 8 6 2 0 0 0 0 
9 0 2 0 0 0 6 0 7 
0 0 0 0 5 3 0 0 9 
0 8 0 0 0 0 0 0 1 
0 0 5 0 3 2 0 8 0 
0 1 0 0 0 8 5 7 0 
------------------
